a = [32:2:74]